King Klaus04.swf Movie Report
------------------------------

Frame #    Frame Bytes    Total Bytes    Scene
-------    -----------    -----------    ----------------
      1          10287          10287    Scene 1 (AS 2.0 Classes Export Frame)
      2            138          10425    
      3            203          10628    
      4           1402          12030    
      5            205          12235    
      6            270          12505    
      7            205          12710    
      8            270          12980    
      9            204          13184    
     10            269          13453    
     11            204          13657    
     12            268          13925    
     13            268          14193    
     14            203          14396    
     15            268          14664    
     16            592          15256    
     17            410          15666    
     18            204          15870    
     19            271          16141    
     20            204          16345    
     21            288          16633    
     22            204          16837    
     23            270          17107    
     24            270          17377    
     25            204          17581    
     26            242          17823    
     27            171          17994    
     28            235          18229    
     29            171          18400    
     30            235          18635    
     31            171          18806    
     32            235          19041    
     33            235          19276    
     34            138          19414    
     35            203          19617    
     36            138          19755    
     37            687          20442    
     38            623          21065    
     39            687          21752    
     40            623          22375    
     41            687          23062    
     42            687          23749    
     43            623          24372    
     44            687          25059    
     45            623          25682    
     46            685          26367    
     47            620          26987    
     48            685          27672    
     49            621          28293    
     50            685          28978    
     51            618          29596    
     52            682          30278    
     53            675          30953    
     54            611          31564    
     55            675          32239    
     56            612          32851    
     57            680          33531    
     58            614          34145    
     59            678          34823    
     60            611          35434    
     61            675          36109    
     62            675          36784    
     63            612          37396    
     64            676          38072    
     65            138          38210    
     66            203          38413    
     67            138          38551    
     68            203          38754    
     69            138          38892    
     70            203          39095    
     71            203          39298    
     72            138          39436    
     73            203          39639    
     74            138          39777    
     75            203          39980    
     76            138          40118    
     77            203          40321    
     78            138          40459    
     79            203          40662    
     80            203          40865    
     81           4600          45465    
     82            261          45726    
     83            197          45923    
     84            261          46184    
     85            196          46380    
     86            252          46632    
     87            197          46829    
     88            261          47090    
     89            197          47287    
     90            261          47548    
     91            252          47800    
     92            197          47997    
     93            261          48258    
     94            197          48455    
     95            261          48716    
     96            188          48904    
     97            261          49165    
     98            571          49736    
     99            638          50374    
    100            562          50936    
    101            188          51124    
    102            261          51385    
    103            197          51582    
    104            261          51843    
    105            196          52039    
    106            252          52291    
    107            197          52488    
    108            261          52749    
    109          16600          69349    
    110            138          69487    
    111            203          69690    
    112            531          70221    
    113            640          70861    
    114           2566          73427    
    115           1363          74790    
    116           1169          75959    
    117           1298          77257    
    118            748          78005    
    119            442          78447    
    120            388          78835    
    121            314          79149    
    122            375          79524    
    123            311          79835    
    124            375          80210    
    125            138          80348    
    126            203          80551    
    127            565          81116    
    128            595          81711    
    129            209          81920    
    130            144          82064    
    131            203          82267    
    132            138          82405    
    133            378          82783    
    134            691          83474    
    135            632          84106    
    136            311          84417    
    137            401          84818    
    138            400          85218    
    139           7566          92784    
    140            237          93021    
    141            173          93194    
    142            237          93431    
    143            173          93604    
    144            237          93841    
    145            173          94014    
    146            237          94251    
    147            173          94424    
    148            237          94661    
    149            237          94898    
    150            172          95070    
    151            237          95307    
    152            172          95479    
    153            237          95716    
    154            172          95888    
    155            237          96125    
    156            172          96297    
    157            237          96534    
    158            237          96771    
    159           3668         100439    
    160            365         100804    
    161            300         101104    
    162            365         101469    
    163            300         101769    
    164            365         102134    
    165            300         102434    
    166            365         102799    
    167            365         103164    
    168            300         103464    
    169            365         103829    
    170            300         104129    
    171            365         104494    
    172            300         104794    
    173            365         105159    
    174            300         105459    
    175            365         105824    
    176            365         106189    
    177            300         106489    
    178            365         106854    
    179            300         107154    
    180            365         107519    
    181           1865         109384    
    182            432         109816    
    183            368         110184    
    184            432         110616    
    185            368         110984    
    186            432         111416    
    187            434         111850    
    188            370         112220    
    189            434         112654    
    190            370         113024    
    191            432         113456    
    192            368         113824    
    193            432         114256    
    194            368         114624    
    195            432         115056    
    196            432         115488    
    197            368         115856    
    198            432         116288    
    199            368         116656    
    200           2668         119324    
    201            576         119900    
    202            271         120171    
    203            205         120376    
    204            271         120647    
    205            271         120918    
    206            207         121125    
    207            271         121396    
    208            207         121603    
    209            257         121860    
    210            190         122050    
    211            255         122305    
    212           1003         123308    
    213            256         123564    
    214            192         123756    
    215            213         123969    
    216            203         124172    
    217            138         124310    
    218            203         124513    
    219           2083         126596    
    220            313         126909    
    221           2131         129040    
    222            661         129701    
    223            359         130060    
    224            421         130481    
    225            416         130897    
    226            352         131249    
    227            418         131667    
    228            355         132022    
    229          13501         145523    
    230            297         145820    
    231            336         146156    
    232            290         146446    
    233            349         146795    
    234          12120         158915    
    235            357         159272    
    236            346         159618    
    237          12502         172120    
    238            330         172450    
    239            272         172722    
    240            346         173068    
    241            214         173282    
    242           1010         174292    
    243           6029         180321    
    244           1623         181944    
    245           1225         183169    
    246           1114         184283    
    247           1223         185506    
    248           1093         186599    
    249           1212         187811    
    250           1146         188957    
    251           1161         190118    
    252           1141         191259    
    253           1158         192417    
    254           1114         193531    
    255           1041         194572    
    256           1052         195624    
    257           1049         196673    
    258           1059         197732    
    259           1042         198774    
    260           1102         199876    
    261            984         200860    
    262           1107         201967    
    263           1062         203029    
    264            898         203927    
    265            966         204893    
    266            847         205740    
    267            962         206702    
    268           1515         208217    
    269           1787         210004    
    270           1406         211410    
    271           2879         214289    
    272           1708         215997    
    273           1231         217228    
    274           1235         218463    
    275           1293         219756    
    276           1263         221019    
    277           1131         222150    
    278            361         222511    
    279            138         222649    
    280            234         222883    
    281            170         223053    
    282            240         223293    
    283            647         223940    
    284           2985         226925    
    285            236         227161    
    286            171         227332    
    287            522         227854    
    288            189         228043    
    289            253         228296    
    290            172         228468    
    291            237         228705    
    292            253         228958    
    293           1093         230051    
    294            253         230304    
    295            189         230493    
    296            239         230732    
    297            172         230904    
    298            236         231140    
    299            172         231312    
    300            209         231521    
    301           4066         235587    
    302            372         235959    
    303            442         236401    
    304           1258         237659    
    305            865         238524    
    306            377         238901    
    307            428         239329    
    308            227         239556    
    309            369         239925    
    310            304         240229    
    311            360         240589    
    312            351         240940    
    313            287         241227    
    314            285         241512    
    315            221         241733    
    316            285         242018    
    317            287         242305    
    318            351         242656    
    319            271         242927    
    320            351         243278    
    321            351         243629    
    322            287         243916    
    323            285         244201    
    324            221         244422    
    325            285         244707    
    326            287         244994    
    327            351         245345    
    328            271         245616    
    329            351         245967    
    330            351         246318    
    331            287         246605    
    332            285         246890    
    333          10553         257443    
    334            203         257646    
    335            138         257784    
    336            203         257987    
    337            138         258125    
    338            203         258328    
    339            287         258615    
    340            660         259275    
    341            657         259932    
    342            590         260522    
    343            672         261194    
    344            581         261775    
    345            237         262012    
    346           1277         263289    
    347            252         263541    
    348            187         263728    
    349            252         263980    
    350            203         264183    
    351            187         264370    
    352            252         264622    
    353            208         264830    
    354            265         265095    
    355            200         265295    
    356            257         265552    
    357            208         265760    
    358            272         266032    
    359            203         266235    
    360            187         266422    
    361            252         266674    
    362            187         266861    
    363            244         267105    
    364            172         267277    
    365            234         267511    
    366           8075         275586    
    367            307         275893    
    368            307         276200    
    369            242         276442    
    370            304         276746    
    371            242         276988    
    372            307         277295    
    373            242         277537    
    374            307         277844    
    375            234         278078    
    376            307         278385    
    377            242         278627    
    378            307         278934    
    379            304         279238    
    380            242         279480    
    381            307         279787    
    382            242         280029    
    383            307         280336    
    384            234         280570    
    385            307         280877    
    386            242         281119    
    387            307         281426    
    388            304         281730    
    389           7328         289058    
    390            465         289523    
    391            404         289927    
    392            448         290375    
    393            404         290779    
    394            456         291235    
    395            392         291627    
    396            349         291976    
    397            301         292277    
    398            305         292582    
    399            368         292950    
    400            304         293254    
    401            380         293634    
    402            310         293944    
    403            899         294843    
    404            529         295372    
    405            624         295996    
    406            572         296568    
    407            639         297207    
    408           3752         300959    
    409            476         301435    
    410            504         301939    
    411            475         302414    
    412            515         302929    
    413            476         303405    
    414            508         303913    
    415            481         304394    
    416            347         304741    
    417            305         305046    
    418            282         305328    
    419            310         305638    
    420            432         306070    
    421            680         306750    
    422            641         307391    
    423            778         308169    
    424            747         308916    
    425            791         309707    
    426            503         310210    
    427            478         310688    
    428            561         311249    
    429            436         311685    
    430            485         312170    
    431            280         312450    
    432            382         312832    
    433            281         313113    
    434            382         313495    
    435            202         313697    
    436            233         313930    
    437            364         314294    
    438            138         314432    
    439            203         314635    
    440            138         314773    
    441            218         314991    
    442            154         315145    
    443            835         315980    
    444            154         316134    
    445            218         316352    
    446            203         316555    
    447            138         316693    
    448            203         316896    
    449            138         317034    
    450            203         317237    
    451            138         317375    
    452            203         317578    
    453            138         317716    
    454            203         317919    
    455            203         318122    
    456           1213         319335    
    457            550         319885    
    458            261         320146    
    459            307         320453    
    460            261         320714    
    461            307         321021    
    462            261         321282    
    463            309         321591    
    464            328         321919    
    465            245         322164    
    466            328         322492    
    467            245         322737    
    468            328         323065    
    469            245         323310    
    470            328         323638    
    471            245         323883    
    472            328         324211    
    473            245         324456    
    474          15208         339664    
    475            357         340021    
    476            294         340315    
    477           1241         341556    
    478            290         341846    
    479            361         342207    
    480            294         342501    
    481            358         342859    
    482            294         343153    
    483            358         343511    
    484            358         343869    
    485            294         344163    
    486            358         344521    
    487            294         344815    
    488            358         345173    
    489            294         345467    
    490            367         345834    
    491           1119         346953    
    492            203         347156    
    493            203         347359    
    494            138         347497    
    495            203         347700    
    496            138         347838    
    497            203         348041    
    498            138         348179    
    499            203         348382    
    500            138         348520    
    501            203         348723    
    502            138         348861    
    503            203         349064    
    504            203         349267    
    505            138         349405    
    506            203         349608    
    507            138         349746    
    508            203         349949    
    509            666         350615    
    510            625         351240    
    511            562         351802    
    512            631         352433    
    513            637         353070    
    514            573         353643    
    515            637         354280    
    516            572         354852    
    517            637         355489    
    518            573         356062    
    519            637         356699    
    520            573         357272    
    521            637         357909    
    522            646         358555    
    523            572         359127    
    524            638         359765    
    525            576         360341    
    526            641         360982    
    527            614         361596    
    528            642         362238    
    529            570         362808    
    530            632         363440    
    531            571         364011    
    532            632         364643    
    533            636         365279    
    534            565         365844    
    535            665         366509    
    536            561         367070    
    537            626         367696    
    538            560         368256    
    539            624         368880    
    540            560         369440    
    541            624         370064    
    542            624         370688    
    543            560         371248    
    544            623         371871    
    545            559         372430    
    546            623         373053    
    547            558         373611    
    548            620         374231    
    549            551         374782    
    550            609         375391    
    551            608         375999    
    552            543         376542    
    553            605         377147    
    554           1649         378796    
    555           1603         380399    
    556           1811         382210    
    557            341         382551    
    558            276         382827    
    559            341         383168    
    560            341         383509    
    561            276         383785    
    562            341         384126    
    563            276         384402    
    564            341         384743    
    565            276         385019    
    566            341         385360    
    567            276         385636    
    568            341         385977    
    569            276         386253    
    570            341         386594    
    571            341         386935    
    572            276         387211    
    573            341         387552    
    574            276         387828    
    575            341         388169    
    576            138         388307    
    577            203         388510    
    578            138         388648    
    579            203         388851    
    580            203         389054    
    581            138         389192    
    582            203         389395    
    583            138         389533    
    584            203         389736    
    585            138         389874    
    586            203         390077    
    587            138         390215    
    588            203         390418    
    589            328         390746    
    590            155         390901    
    591            220         391121    
    592            156         391277    
    593            220         391497    
    594            156         391653    
    595            221         391874    
    596            156         392030    
    597            221         392251    
    598            156         392407    
    599            221         392628    
    600            221         392849    
    601            696         393545    

Scene                        Shape Bytes    Text Bytes    ActionScript Bytes
-------------------------    -----------    ----------    ------------------
Scene 1                                0             0                    16

Symbol                       Shape Bytes    Text Bytes    ActionScript Bytes
-------------------------    -----------    ----------    ------------------
dingus                                67             0                     0
sign01                              1464             0                     0
sign                                   0             0                     0
Symbol 10                             47             0                     0
Symbol 5                               0             0                     0
picture                                0             0                     0
Symbol 1                               0             0                     0
play again                           472             0                     0
greeting tween                         0             0                     0
Greeting                               0            62                     0
s_23 bg                               41             0                     0
Pilot                               1632             0                     0
Santa fall                             0             0                     0
++shot_19                              0             0                     0
eyewhite                              61             0                     0
eye04                                231             0                     0
eye03                                303             0                     0
eye02                                240             0                     0
eye01                                152             0                     0
pupil                                 66             0                     0
Santas butt                          100             0                     0
deerjaw                              277             0                     0
deer body                            670             0                     0
dearhead                            1602             0                     0
antler                               199             0                     0
gunfire                              508             0                     0
tree shadow                          314             0                     0
button                                69             0                     0
wipe mask                             33             0                     0
Wipe sc 09                         35465             0                     0
G_perspective                        756             0                     0
G_blink                              225             0                     0
ties01                              1024             0                     0
ties                                1149             0                     0
S_thumb                              261             0                     0
S_sc06                                 0             0                     0
S_suit patch                          47             0                     0
S_glove01                           2215             0                     0
S_arm01                             2635             0                     0
S_torso                             2229             0                     0
leg01                               1169             0                     0
boot01                               707             0                     0
ribbon03                            2843             0                     0
nail                                 217             0                     0
dear head place hold                   0             0                     0
Brick patch                          280             0                     0
mask                                  33             0                     0
boards                                 0             0                     0
Sc01                                   0             0                     0
Stocking                             568             0                     0
Stocking loop                        264             0                     0
Hand _wrist                           94             0                     0
V_hand01                             722             0                     0
V_hand02                               0             0                     0
V_hand03                               0             0                     0
V_hand04                               0             0                     0
V_hand05                               0             0                     0
V_hand06                               0             0                     0
V_handchart                            0             0                     0
BG                                    61             0                     0
Symbol 8                            1052             0                     0
Symbol 4                             111             0                     0
Symbol 6                             153             0                     0
Symbol 7                             417             0                     0
mantle                                77             0                     0
Symbol 3                             116             0                     0
down chimney                          38             0                     0
Symbol 9                             101             0                     0
table                                 68             0                     0
CC                                   647             0                     0
++shot_03                          13169             0                     0
++shot_09                              0             0                     0
red grad                              48             0                     0
blade                                 76             0                     0
fan shadow                             0             0                     0
lamp                                 680             0                     0
candyCane                            476             0                     0
long cane                            614             0                     0
++shot_02                           1160             0                     0
BG a                                  64             0                     0
Symbol 5a                            256             0                     0
Symbol 2a                            410             0                     0
Symbol 4a                            296             0                     0
Symbol 3a                            236             0                     0
table a                              410             0                     0
glass a                              323             0                     0
lamp a                               101             0                     0
CC a                                 559             0                     0
CC copy a                            566             0                     0
Shade a                               79             0                     0
++shot_04                           1537             0                     0
++shot_08                              0             0                     0
BG b                                  64             0                     0
Couch b                              325             0                     0
Symbol 1b                            431             0                     0
table b                               80             0                     0
glass b                              345             0                     0
lamp b                               112             0                     0
CC b                                 338             0                     0
++shot_05                             42             0                     0
++shot_06                             48             0                     0
blade c                                0             0                     0
Symbol 3c                              0             0                     0
BGd                                   64             0                     0
glassd                               150             0                     0
CC1d                                 298             0                     0
CC2d                                 409             0                     0
++shot_07                              0             0                     0
hill2                                294             0                     0
Hill1                                394             0                     0
++shot_10                            243             0                     0
Sky a                                 47             0                     0
stars a                             1024             0                     0
hills a                              414             0                     0
++shot_11                              0             0                     0
++shot_12                           3383             0                     0
hills                                400             0                     0
++shot_13                            803             0                     0
Sky c                                  0             0                     0
stars c                                0             0                     0
trees c                                0             0                     0
++shot_14                              0             0                     0
Sky d                                 49             0                     0
Stars d                             1803             0                     0
hills d                              416             0                     0
trees d                             1669             0                     0
Bigtree d                           2682             0                     0
++shot_15                              0             0                     0
Bigtree                                0             0                     0
Sky e                                 50             0                     0
stars e                             2022             0                     0
Bigtree e                            219             0                     0
++shot_16                              0             0                     0
++shot_20                            194             0                     0
++shot_17                              0             0                     0
++shot_18                             64             0                     0
snow f                                48             0                     0
Symbol 1 f                          1407             0                     0
Symbol 2 f                           687             0                     0
tree f                              1802             0                     0
trees f                            10698             0                     0
++shot_21                           3628             0                     0
wall0g                                66             0                     0
Symbol 5g                            267             0                     0
Symbol 4g                            508             0                     0
Window0g                            1665             0                     0
Symbol 6g                             60             0                     0
frame01g                             177             0                     0
Symbol 7g                            213             0                     0
Table0g                              256             0                     0
Glass01g                               0             0                     0
CC201g                               580             0                     0
CC0g                                 564             0                     0
mantle01g                            351             0                     0
++shot_01                              0             0                     0
GBWoman                             8460             0                     0
GBWoman dance                      28200             0                     0
S_blank head                        2323             0                     0
S_eyewhite                            71             0                     0
S_pupil                               78             0                     0
S_eyes01                             272             0                     0
S_eyes02                             424             0                     0
S_eyes03                             410             0                     0
S_eyes04                             386             0                     0
S_eye shape                            0             0                     0
S_r_brow                             194             0                     0
S_l_brow                             128             0                     0
S_eyechart                             0             0                     0
S_nose mouth chart                  3926             0                     0
S_head                                 0             0                     0
S_c_head comp                       1139             0                     0
S_C_eye                                0             0                     0
S_C_head                            1126             0                     0
S_D head comp                        800             0                     0
santahead                              0             0                     0
Santa Shot 19                          0             0                     0
count                                  0             0                     0
plabe2                               540             0                     0
Symbol 2                              73             0                     0
plane                               3511             0                     0
trees                               2019             0                     0
stars                               2064             0                     0
Sky                                   52             0                     0
trees13                             6276             0                     0
gun                                  583             0                     0

Font Name                 Bytes        Characters    
----------------------    ---------    --------------
Arial                            24    

ActionScript Bytes    Location
------------------    --------
                 1    Scene 1:Scene  Labels:601
                15    Scene 1:Labels:601:No instance name assigned(play again)




